A=[2,3,4;2,3,4;3,3,4];
B=[3,34,5;2,3,4;5,6,5];
A'*B
B*A